<?xml version="1.0"?>
<opencv_storage>
<ear_base_2d type_id="opencv-matrix">
  <rows>47</rows>
  <cols>10</cols>
  <dt>f</dt>
  <data>0.2100   -0.1789    0.2250    0.0405    0.1247    0.3112    0.1700    0.1502    0.2338    0.2604
    0.2207   -0.1832    0.2586    0.0318    0.1449    0.3426    0.0932    0.1039    0.1368    0.1466
    0.2245   -0.1808    0.2670    0.0198    0.1361    0.2707   -0.0257    0.0117   -0.0130   -0.0417
    0.2230   -0.1809    0.2516   -0.0049    0.0985    0.1117   -0.1519   -0.0996   -0.1653   -0.2068
    0.2193   -0.1832    0.2088   -0.0349    0.0403   -0.0933   -0.2190   -0.1725   -0.2392   -0.2281
    0.2131   -0.1800    0.1420   -0.0565   -0.0176   -0.2793   -0.2104   -0.1691   -0.1835   -0.0781
    0.2028   -0.1740    0.0688   -0.0620   -0.0624   -0.3632   -0.1363   -0.1053   -0.0333    0.1094
    0.1890   -0.1643    0.0057   -0.0582   -0.0937   -0.3506   -0.0280   -0.0104    0.1172    0.2097
    0.1767   -0.1476   -0.0435   -0.0551   -0.1109   -0.2789    0.0653    0.0821    0.2029    0.1890
    0.1682   -0.1296   -0.0811   -0.0548   -0.1137   -0.1884    0.1276    0.1437    0.2107    0.0885
    0.1588   -0.1097   -0.1059   -0.0530   -0.1145   -0.1008    0.1612    0.1814    0.1715   -0.0195
    0.1493   -0.0913   -0.1177   -0.0564   -0.1177   -0.0290    0.1667    0.1829    0.1038   -0.1110
    0.1423   -0.0740   -0.1246   -0.0652   -0.1227    0.0261    0.1541    0.1650    0.0271   -0.1777
    0.1373   -0.0590   -0.1288   -0.0778   -0.1276    0.0676    0.1347    0.1400   -0.0618   -0.2144
    0.1298   -0.0465   -0.1345   -0.0919   -0.1284    0.0932    0.1195    0.1009   -0.1343   -0.2046
    0.1240   -0.0381   -0.1469   -0.1041   -0.1207    0.1094    0.1043    0.0495   -0.1724   -0.1589
    0.1183   -0.0322   -0.1619   -0.1131   -0.1144    0.1237    0.0830   -0.0068   -0.1856   -0.0930
    0.1174   -0.0244   -0.1790   -0.1220   -0.1027    0.1347    0.0545   -0.0613   -0.1817   -0.0132
    0.1172   -0.0163   -0.1966   -0.1302   -0.0768    0.1449    0.0175   -0.1070   -0.1591    0.0745
    0.1159   -0.0096   -0.2168   -0.1281   -0.0391    0.1492   -0.0322   -0.1498   -0.1056    0.1378
    0.1165   -0.0093   -0.2372   -0.1104    0.0050    0.1464   -0.0856   -0.1867   -0.0371    0.1732
    0.1173   -0.0116   -0.2513   -0.0716    0.0659    0.1281   -0.1413   -0.1904    0.0380    0.1663
    0.1179   -0.0133   -0.2615   -0.0084    0.1375    0.0907   -0.1890   -0.1534    0.1068    0.1186
    0.1190   -0.0133   -0.2604    0.0799    0.1990    0.0420   -0.2101   -0.0798    0.1510    0.0475
    0.1189   -0.0147   -0.2422    0.1823    0.2304   -0.0033   -0.1885    0.0199    0.1502   -0.0351
    0.1133   -0.0156   -0.2027    0.2869    0.2196   -0.0399   -0.1262    0.1161    0.0794   -0.1105
    0.1083   -0.0121   -0.1497    0.3698    0.1585   -0.0631   -0.0390    0.1708   -0.0440   -0.1284
    0.1057   -0.0022   -0.0921    0.4048    0.0554   -0.0642    0.0514    0.1517   -0.1672   -0.0669
    0.1006    0.0175   -0.0274    0.3914   -0.0721   -0.0444    0.1193    0.0488   -0.2401    0.0493
    0.0969    0.0490    0.0332    0.3449   -0.2002    0.0024    0.1443   -0.1068   -0.2134    0.1658
    0.0986    0.0898    0.0680    0.2746   -0.2874    0.0522    0.1123   -0.2340   -0.0516    0.1960
    0.1069    0.1253    0.0697    0.1855   -0.3001    0.0874    0.0266   -0.2523    0.1361    0.0888
    0.1107    0.1510    0.0588    0.1025   -0.2689    0.0885   -0.0775   -0.1731    0.2358   -0.0690
    0.1135    0.1760    0.0536    0.0435   -0.2281    0.0749   -0.1674   -0.0644    0.2452   -0.1700
    0.1170    0.2027    0.0562    0.0005   -0.1843    0.0596   -0.2278    0.0562    0.1931   -0.1950
    0.1244    0.2264    0.0625   -0.0337   -0.1383    0.0398   -0.2570    0.1723    0.0975   -0.1285
    0.1334    0.2436    0.0639   -0.0667   -0.0787    0.0187   -0.2344    0.2617   -0.0318    0.0132
    0.1385    0.2493    0.0620   -0.0855   -0.0107   -0.0024   -0.1689    0.2796   -0.1397    0.1475
    0.1400    0.2389    0.0558   -0.0900    0.0440   -0.0244   -0.0786    0.2149   -0.1808    0.2098
    0.1395    0.2338    0.0464   -0.0879    0.0848   -0.0452    0.0093    0.1271   -0.1643    0.2040
    0.1357    0.2267    0.0373   -0.0776    0.1197   -0.0596    0.0771    0.0403   -0.1194    0.1615
    0.1302    0.2150    0.0302   -0.0643    0.1482   -0.0736    0.1330   -0.0392   -0.0561    0.0898
    0.1317    0.2047    0.0235   -0.0552    0.1647   -0.0799    0.1786   -0.1043    0.0060   -0.0032
    0.1347    0.1958    0.0224   -0.0492    0.1751   -0.0850    0.2052   -0.1459    0.0472   -0.0969
    0.1370    0.1818    0.0300   -0.0443    0.1726   -0.0835    0.2117   -0.1657    0.0813   -0.1574
    0.1378    0.1726    0.0309   -0.0355    0.1628   -0.0782    0.2096   -0.1735    0.1044   -0.1908
    0.1359    0.1568    0.0287   -0.0284    0.1463   -0.0672    0.1878   -0.1676    0.1063   -0.1811</data></ear_base_2d>
</opencv_storage>
