<?xml version="1.0"?>
<opencv_storage>
<ear_base_2d type_id="opencv-matrix">
  <rows>47</rows>
  <cols>6</cols>
  <dt>f</dt>
  <data>
    0.1465    0.2530   -0.1029    0.1398    0.0863    0.1813
    0.1495    0.2550   -0.0988    0.1463    0.0874    0.1971
    0.1515    0.2527   -0.0989    0.1472    0.0839    0.1969
    0.1524    0.2462   -0.0971    0.1373    0.0740    0.1715
    0.1536    0.2386   -0.0909    0.1200    0.0567    0.1256
    0.1554    0.2303   -0.0814    0.1001    0.0332    0.0626
    0.1575    0.2188   -0.0653    0.0731    0.0048   -0.0182
    0.1597    0.2065   -0.0481    0.0441   -0.0204   -0.0930
    0.1607    0.1913   -0.0282    0.0115   -0.0440   -0.1614
    0.1605    0.1744   -0.0074   -0.0229   -0.0684   -0.2125
    0.1595    0.1549    0.0137   -0.0625   -0.0982   -0.2473
    0.1592    0.1350    0.0322   -0.1052   -0.1295   -0.2506
    0.1596    0.1130    0.0521   -0.1556   -0.1598   -0.2233
    0.1595    0.0920    0.0739   -0.2052   -0.1810   -0.1672
    0.1574    0.0697    0.1030   -0.2454   -0.1785   -0.0828
    0.1534    0.0495    0.1323   -0.2680   -0.1559    0.0080
    0.1479    0.0292    0.1633   -0.2671   -0.1108    0.1012
    0.1416    0.0115    0.1914   -0.2415   -0.0506    0.1752
    0.1354   -0.0060    0.2191   -0.1939    0.0236    0.2247
    0.1305   -0.0211    0.2402   -0.1310    0.0928    0.2297
    0.1274   -0.0369    0.2559   -0.0618    0.1477    0.1997
    0.1261   -0.0516    0.2634    0.0041    0.1801    0.1433
    0.1263   -0.0666    0.2597    0.0680    0.1867    0.0691
    0.1278   -0.0791    0.2476    0.1194    0.1740   -0.0018
    0.1302   -0.0893    0.2265    0.1641    0.1423   -0.0673
    0.1330   -0.0973    0.1994    0.1958    0.0989   -0.1150
    0.1360   -0.1060    0.1646    0.2211    0.0434   -0.1503
    0.1389   -0.1134    0.1278    0.2300   -0.0143   -0.1605
    0.1418   -0.1216    0.0883    0.2276   -0.0725   -0.1492
    0.1445   -0.1300    0.0503    0.2138   -0.1238   -0.1166
    0.1466   -0.1384    0.0094    0.1871   -0.1660   -0.0598
    0.1475   -0.1458   -0.0269    0.1589   -0.1936    0.0012
    0.1480   -0.1513   -0.0628    0.1281   -0.2093    0.0636
    0.1481   -0.1545   -0.0937    0.0973   -0.2129    0.1157
    0.1477   -0.1549   -0.1208    0.0638   -0.2091    0.1570
    0.1462   -0.1544   -0.1383    0.0314   -0.1931    0.1789
    0.1440   -0.1561   -0.1513   -0.0086   -0.1587    0.1841
    0.1420   -0.1583   -0.1597   -0.0519   -0.1056    0.1665
    0.1400   -0.1576   -0.1633   -0.0927   -0.0279    0.1203
    0.1387   -0.1526   -0.1633   -0.1234    0.0541    0.0614
    0.1385   -0.1444   -0.1631   -0.1409    0.1340   -0.0025
    0.1394   -0.1337   -0.1639   -0.1413    0.1962   -0.0571
    0.1411   -0.1212   -0.1641   -0.1289    0.2410   -0.1008
    0.1436   -0.1087   -0.1616   -0.1086    0.2579   -0.1260
    0.1462   -0.0961   -0.1564   -0.0873    0.2554   -0.1380
    0.1485   -0.0823   -0.1495   -0.0674    0.2364   -0.1357
    0.1506   -0.0705   -0.1446   -0.0540    0.2161   -0.1265</data></ear_base_2d>
</opencv_storage>
